nohup: ignoring input
2015	4283
2014	6963
2013	6996
2012	6728
2011	6843
2010	7073
2009	6944
2008	6817
2007	6558
2006	6275
2005	5797
2004	5420
2003	5277
2002	5125
2001	4905
2000	4812
1999	5082
1998	5153
1997	5831
1996	7150
1995	8595
1994	10278
1993	11766
1992	13147
1991	14103
1990	15841
1989	16459
1988	17139
1987	17056
1986	17351
1985	17495
1984	16825
1983	16648
1982	16621
1981	16296
1980	15932
1979	15358
1978	14446
1977	14329
1976	14079
1975	13859
1974	13596
1973	13671
1972	13642
1971	13887
1970	14029
1969	13568
1968	13161
1967	12771
1966	12565
1965	12737
1964	13172
1963	12838
1962	12811
1961	12361
1960	12743
1959	12332
1958	12236
1957	12158
1956	12391
1955	12249
1954	12218
1953	12056
1952	12270
1951	12186
1950	12210
1949	12041
1948	12477
1947	12986
1946	12350
1945	12237
1944	12583
1943	11963
1942	11664
1941	10532
1940	10302
1939	9645
1938	9535
1937	9278
1936	8934
1935	8564
1934	8509
1933	8219
1932	8415
1931	8378
1930	8747
1929	8495
1928	8425
1927	8255
1926	7988
1925	7926
1924	8064
1923	7789
1922	7809
1921	7999
1920	7956
1919	7155
1918	7605
1917	7096
1916	7158
1915	7032
1914	7242
1913	6830
1912	6802
1911	6449
1910	6514
1909	6433
1908	6386
1907	6165
1906	6004
1905	6013
1904	5769
1903	5839
1902	5646
1901	5471
1900	5685
1899	5372
1898	5484
1897	5251
1896	5095
1895	5220
1894	5138
1893	5025
1892	5301
1891	5129
1890	5011
1889	4996
1888	4944
1887	4705
1886	4619
1885	4505
1884	4463
1883	4318
1882	4361
1881	4166
1880	4030
1879	4090
1878	3994
1877	3731
1876	3903
1875	3753
1874	3656
1873	3627
1872	3614
1871	3285
1870	3547
1869	3336
1868	3325
1867	3198
1866	3200
1865	3201
1864	3180
1863	3134
1862	2991
1861	2877
1860	2937
1859	2757
1858	2753
1857	2640
1856	2562
1855	2445
1854	2539
1853	2251
1852	2372
1851	2256
1850	2353
1849	2281
1848	2222
1847	2178
1846	2161
1845	2050
1844	2279
1843	2068
1842	2194
1841	2088
1840	2145
1839	2016
1838	1949
1837	2128
1836	1896
1835	1940
1834	1833
1833	1821
1832	1962
1831	1854
1830	1831
1829	1765
1828	1822
1827	1713
1826	1755
1825	1787
1824	1714
1823	1691
1822	1709
1821	1679
1820	1749
1819	1696
1818	1673
1817	1607
1816	1598
1815	1604
1814	1555
1813	1527
1812	1518
1811	1481
1810	1517
1809	1446
1808	1463
1807	1243
1806	1293
1805	1326
1804	1325
1803	1254
1802	1268
1801	1153
1800	1346
1799	1190
1798	1139
1797	1124
1796	1080
1795	1086
1794	1186
1793	1110
1792	1007
1791	906
1790	994
1789	906
1788	967
1787	872
1786	921
1785	824
1784	858
1783	765
1782	793
1781	744
1780	909
1779	752
1778	792
1777	737
1776	730
1775	840
1774	695
1773	699
1772	729
1771	689
1770	777
1769	698
1768	665
1767	638
1766	667
1765	610
1764	668
1763	644
1762	657
1761	646
1760	683
1759	639
1758	620
1757	593
1756	641
1755	637
1754	638
1753	589
1752	603
1751	561
1750	647
1749	546
1748	532
1747	496
1746	542
1745	554
1744	538
1743	541
1742	518
1741	498
1740	576
1739	470
1738	476
1737	470
1736	455
1735	491
1734	454
1733	430
1732	458
1731	443
1730	549
1729	467
1728	400
1727	427
1726	465
1725	436
1724	429
1723	424
1722	374
1721	396
1720	413
1719	392
1718	390
1717	357
1716	364
1715	400
1714	402
1713	354
1712	365
1711	335
1710	424
1709	344
1708	375
1707	347
1706	310
1705	341
1704	354
1703	351
1702	337
1701	308
1700	441
1699	339
1698	336
1697	348
1696	317
1695	320
1694	323
1693	329
1692	332
1691	343
1690	389
1689	352
1688	351
1687	310
1686	307
1685	378
1684	335
1683	372
1682	350
1681	345
1680	428
1679	396
1678	361
1677	305
1676	363
1675	388
1674	304
1673	340
1672	351
1671	315
1670	407
1669	330
1668	310
1667	361
1666	373
1665	325
1664	326
1663	335
1662	329
1661	405
1660	416
1659	309
1658	316
1657	330
1656	319
1655	340
1654	324
1653	351
1652	333
1651	307
1650	404
1649	369
1648	335
1647	298
1646	280
1645	328
1644	296
1643	322
1642	320
1641	305
1640	370
1639	261
1638	343
1637	296
1636	316
1635	320
1634	310
1633	298
1632	347
1631	296
1630	410
1629	323
1628	300
1627	312
1626	337
1625	367
1624	340
1623	316
1622	347
1621	334
1620	351
1619	285
1618	310
1617	301
1616	342
1615	329
1614	284
1613	303
1612	339
1611	289
1610	363
1609	276
1608	293
1607	286
1606	297
1605	320
1604	273
1603	324
1602	289
1601	248
1600	382
1599	254
1598	272
1597	249
1596	259
1595	276
1594	242
1593	254
1592	283
1591	302
1590	367
1589	248
1588	276
1587	248
1586	275
1585	295
1584	268
1583	234
1582	282
1581	210
1580	322
1579	221
1578	262
1577	224
1576	221
1575	284
1574	208
1573	234
1572	286
1571	237
1570	276
1569	184
1568	242
1567	202
1566	228
1565	238
1564	217
1563	219
1562	198
1561	227
1560	312
1559	223
1558	294
1557	205
1556	203
1555	193
1554	191
1553	201
1552	198
1551	164
1550	289
1549	174
1548	165
1547	179
1546	165
1545	198
1544	177
1543	153
1542	193
1541	165
1540	270
1539	152
1538	177
1537	167
1536	187
1535	196
1534	161
1533	142
1532	163
1531	145
1530	220
1529	143
1528	175
1527	158
1526	154
1525	165
1524	146
1523	138
1522	137
1521	153
1520	208
1519	144
1518	119
1517	126
1516	134
1515	140
1514	107
1513	130
1512	114
1511	123
1510	180
1509	110
1508	139
1507	121
1506	112
1505	137
1504	124
1503	149
1502	110
1501	107
1500	192
1499	112
1498	98
1497	116
1496	84
1495	136
1494	97
1493	117
1492	121
1491	85
1490	160
1489	90
1488	97
1487	91
1486	74
1485	102
1484	91
1483	102
1482	96
1481	71
1480	160
1479	77
1478	106
1477	68
1476	90
1475	111
1474	82
1473	101
1472	70
1471	80
1470	126
1469	68
1468	81
1467	69
1466	70
1465	99
1464	84
1463	79
1462	74
1461	73
1460	123
1459	77
1458	64
1457	64
1456	68
1455	96
1454	71
1453	77
1452	71
1451	61
1450	114
1449	63
1448	58
1447	61
1446	60
1445	75
1444	65
1443	71
1442	68
1441	56
1440	100
1439	58
1438	56
1437	49
1436	59
1435	93
1434	66
1433	62
1432	57
1431	58
1430	81
1429	57
1428	70
1427	63
1426	64
1425	94
1424	61
1423	57
1422	59
1421	58
1420	98
1419	62
1418	75
1417	79
1416	67
1415	110
1414	57
1413	47
1412	52
1411	48
1410	102
1409	54
1408	61
1407	61
1406	67
1405	71
1404	68
1403	55
1402	62
1401	49
1400	118
1399	61
1398	66
1397	69
1396	71
1395	63
1394	60
1393	53
1392	51
1391	49
1390	90
1389	57
1388	69
1387	47
1386	62
1385	57
1384	54
1383	38
1382	56
1381	58
1380	85
1379	25
1378	49
1377	56
1376	37
1375	65
1374	53
1373	54
1372	40
1371	55
1370	95
1369	64
1368	43
1367	50
1366	36
1365	48
1364	51
1363	55
1362	62
1361	79
1360	85
1359	44
1358	55
1357	39
1356	54
1355	69
1354	46
1353	32
1352	63
1351	37
1350	85
1349	70
1348	82
1347	45
1346	53
1345	62
1344	49
1343	50
1342	60
1341	54
1340	75
1339	46
1338	53
1337	43
1336	61
1335	41
1334	38
1333	61
1332	64
1331	42
1330	87
1329	53
1328	62
1327	66
1326	67
1325	53
1324	39
1323	63
1322	58
1321	49
1320	75
1319	53
1318	44
1317	47
1316	63
1315	62
1314	52
1313	56
1312	60
1311	48
1310	84
1309	40
1308	57
1307	58
1306	43
1305	52
1304	69
1303	40
1302	58
1301	40
1300	77
1299	48
1298	62
1297	42
1296	54
1295	55
1294	50
1293	39
1292	48
1291	51
1290	76
1289	46
1288	48
1287	47
1286	51
1285	69
1284	38
1283	44
1282	59
1281	31
1280	58
1279	35
1278	37
1277	47
1276	43
1275	68
1274	56
1273	42
1272	49
1271	65
1270	85
1269	27
1268	52
1267	37
1266	50
1265	58
1264	34
1263	44
1262	39
1261	41
1260	68
1259	39
1258	50
1257	45
1256	46
1255	35
1254	31
1253	50
1252	45
1251	32
1250	85
1249	51
1248	49
1247	45
1246	53
1245	43
1244	42
1243	32
1242	45
1241	61
1240	74
1239	44
1238	43
1237	35
1236	57
1235	49
1234	36
1233	32
1232	27
1231	41
1230	67
1229	27
1228	40
1227	36
1226	50
1225	47
1224	35
1223	48
1222	22
1221	34
1220	61
1219	37
1218	57
1217	45
1216	34
1215	44
1214	43
1213	42
1212	46
1211	42
1210	62
1209	41
1208	35
1207	41
1206	41
1205	56
1204	61
1203	32
1202	43
1201	40
1200	78
1199	36
1198	49
1197	38
1196	43
1195	45
1194	42
1193	34
1192	41
1191	45
1190	70
1189	36
1188	24
1187	34
1186	36
1185	49
1184	41
1183	29
1182	39
1181	28
1180	62
1179	39
1178	32
1177	32
1176	38
1175	34
1174	35
1173	39
1172	29
1171	35
1170	58
1169	31
1168	18
1167	32
1166	39
1165	38
1164	29
1163	29
1162	40
1161	35
1160	77
1159	23
1158	40
1157	30
1156	35
1155	34
1154	38
1153	37
1152	34
1151	31
1150	41
1149	34
1148	43
1147	36
1146	25
1145	30
1144	27
1143	28
1142	28
1141	31
1140	39
1139	33
1138	36
1137	35
1136	27
1135	40
1134	39
1133	20
1132	13
1131	29
1130	54
1129	29
1128	25
1127	38
1126	39
1125	35
1124	21
1123	29
1122	28
1121	23
1120	33
1119	31
1118	42
1117	23
1116	18
1115	37
1114	17
1113	25
1112	25
1111	22
1110	39
1109	22
1108	26
1107	26
1106	33
1105	35
1104	19
1103	29
1102	36
1101	37
1100	36
1099	15
1098	25
1097	22
1096	31
1095	37
1094	31
1093	36
1092	19
1091	25
1090	32
1089	21
1088	32
1087	26
1086	24
1085	24
1084	21
1083	25
1082	13
1081	22
1080	30
1079	30
1078	24
1077	18
1076	21
1075	41
1074	19
1073	23
1072	30
1071	26
1070	35
1069	16
1068	18
1067	29
1066	41
1065	18
1064	16
1063	18
1062	17
1061	19
1060	35
1059	15
1058	28
1057	27
1056	20
1055	27
1054	30
1053	12
1052	20
1051	16
1050	32
1049	19
1048	25
1047	23
1046	20
1045	28
1044	15
1043	18
1042	19
1041	15
1040	44
1039	21
1038	27
1037	15
1036	23
1035	32
1034	22
1033	19
1032	26
1031	22
1030	30
1029	22
1028	24
1027	21
1026	13
1025	23
1024	15
1023	18
1022	20
1021	18
1020	24
1019	14
1018	24
1017	25
1016	27
1015	35
1014	23
1013	16
1012	33
1011	18
1010	36
1009	21
1008	20
1007	24
1006	16
1005	22
1004	20
1003	28
1002	23
1001	18
1000	51
999	19
998	14
997	28
996	17
995	29
994	18
993	15
992	24
991	22
990	30
989	17
988	17
987	15
986	14
985	28
984	19
983	15
982	19
981	14
980	24
979	15
978	23
977	20
976	21
975	24
974	12
973	24
972	15
971	16
970	34
969	15
968	23
967	25
966	19
965	24
964	9
963	20
962	20
961	23
960	36
959	11
958	15
957	14
956	19
955	22
954	16
953	22
952	12
951	19
950	26
949	21
948	20
947	21
946	21
945	21
944	26
943	22
942	24
941	19
940	37
939	20
938	14
937	34
936	20
935	24
934	25
933	17
932	18
931	22
930	23
929	17
928	19
927	21
926	25
925	31
924	25
923	21
922	16
921	15
920	28
919	16
918	22
917	16
916	14
915	27
914	20
913	17
912	29
911	13
910	34
909	14
908	25
907	17
906	14
905	17
904	19
903	14
902	18
901	11
900	38
899	15
898	19
897	21
896	24
895	22
894	19
893	20
892	16
891	16
890	19
889	17
888	25
887	26
886	23
885	26
884	18
883	20
882	17
881	21
880	20
879	17
878	13
877	19
876	18
875	23
874	17
873	22
872	16
871	21
870	22
869	20
868	10
867	26
866	22
865	17
864	16
863	17
862	18
861	13
860	15
859	10
858	19
857	13
856	9
855	15
854	13
853	11
852	18
851	10
850	26
849	14
848	15
847	16
846	19
845	19
844	18
843	14
842	21
841	15
840	31
839	20
838	19
837	14
836	19
835	28
834	14
833	13
832	10
831	7
830	22
829	15
828	14
827	16
826	14
825	16
824	18
823	13
822	15
821	16
820	28
819	10
818	20
817	10
816	11
815	13
814	21
813	13
812	17
811	12
810	24
809	17
808	12
807	10
806	16
805	21
804	10
803	12
802	18
801	11
800	22
799	15
798	6
797	14
796	23
795	13
794	10
793	15
792	11
791	9
790	14
789	14
788	14
787	12
786	24
785	21
784	16
783	15
782	13
781	12
780	23
779	10
778	23
777	12
776	9
775	23
774	11
773	12
772	12
771	8
770	17
769	9
768	17
767	14
766	12
765	16
764	17
763	11
762	12
761	13
760	17
759	14
758	15
757	21
756	17
755	15
754	12
753	9
752	13
751	14
750	30
749	8
748	13
747	15
746	16
745	15
744	13
743	12
742	19
741	18
740	27
739	11
738	17
737	27
736	6
735	16
734	12
733	10
732	14
731	10
730	19
729	14
728	13
727	12
726	10
725	16
724	7
723	11
722	8
721	18
720	16
719	10
718	9
717	14
716	12
715	23
714	16
713	20
712	18
711	12
710	32
709	18
708	10
707	11
706	20
705	24
704	14
703	6
702	16
701	14
700	28
699	18
698	9
697	13
696	15
695	15
694	10
693	11
692	9
691	13
690	28
689	22
688	16
687	14
686	17
685	17
684	18
683	18
682	19
681	16
680	38
679	18
678	12
677	5
676	17
675	16
674	8
673	12
672	11
671	6
670	16
669	12
668	12
667	7
666	12
665	17
664	15
663	11
662	15
661	27
660	20
659	8
658	11
657	11
656	12
655	15
654	12
653	18
652	13
651	10
650	21
649	15
648	7
647	15
646	10
645	12
644	7
643	10
642	21
641	13
640	29
639	19
638	11
637	14
636	20
635	15
634	9
633	12
632	18
631	14
630	18
629	18
628	26
627	18
626	15
625	19
624	20
623	12
622	13
621	13
620	9
619	18
618	18
617	14
616	18
615	15
614	14
613	11
612	12
611	7
610	15
609	8
608	5
607	8
606	14
605	10
604	19
603	13
602	20
601	10
600	22
599	8
598	8
597	8
596	9
595	15
594	12
593	6
592	9
591	11
590	20
589	10
588	13
587	13
586	10
585	13
584	10
583	6
582	11
581	10
580	24
579	10
578	13
577	14
576	9
575	14
574	9
573	11
572	13
571	11
570	26
569	6
568	6
567	4
566	13
565	11
564	6
563	5
562	6
561	6
560	19
559	8
558	12
557	7
556	10
555	13
554	10
553	6
552	14
551	7
550	18
549	11
548	9
547	6
546	3
545	9
544	9
543	8
542	12
541	6
540	16
539	6
538	9
537	11
536	12
535	12
534	9
533	9
532	16
531	11
530	14
529	5
528	9
527	6
526	8
525	9
524	8
523	9
522	9
521	6
520	15
519	4
518	12
517	5
516	5
515	14
514	4
513	5
512	8
511	5
510	12
509	6
508	6
507	10
506	6
505	7
504	1
503	5
502	5
501	11
500	17
499	6
498	5
497	8
496	10
495	7
494	2
493	10
492	3
491	4
490	10
489	11
488	10
487	8
486	1
485	8
484	14
483	8
482	5
481	3
480	23
479	6
478	3
477	8
476	9
475	11
474	4
473	8
472	5
471	3
470	8
469	6
468	3
467	5
466	9
465	16
464	8
463	3
462	6
461	7
460	8
459	4
458	4
457	9
456	6
455	10
454	5
453	13
452	8
451	11
450	23
449	7
448	7
447	2
446	3
445	4
444	7
443	1
442	3
441	3
440	13
439	8
438	6
437	6
436	3
435	4
434	4
433	6
432	7
431	3
430	15
429	6
428	5
427	6
426	7
425	7
424	2
423	6
422	7
421	7
420	21
419	3
418	7
417	9
416	3
415	9
414	3
413	9
412	8
411	7
410	14
409	10
408	6
407	15
406	10
405	13
404	7
403	5
402	6
401	9
400	24
399	9
398	9
397	8
396	8
395	7
394	12
393	5
392	5
391	8
390	16
389	3
388	11
387	5
386	19
385	17
384	16
383	9
382	2
381	6
380	10
379	8
378	6
377	5
376	9
375	13
374	7
373	9
372	6
371	7
370	6
369	2
368	6
367	4
366	12
365	9
364	6
363	9
362	13
361	9
360	15
359	9
358	3
357	3
356	8
355	11
354	7
353	3
352	3
351	4
350	22
349	9
348	7
347	5
346	7
345	10
344	10
343	6
342	3
341	5
340	6
339	9
338	4
337	12
336	5
335	9
334	11
333	4
332	0
331	4
330	9
329	6
328	8
327	6
326	7
325	9
324	5
323	3
322	4
321	4
320	21
319	3
318	6
317	5
316	6
315	7
314	7
313	10
312	8
311	13
310	14
309	14
308	2
307	6
306	14
305	17
304	62
303	41
302	11
301	3
300	23
299	2
298	6
297	8
296	4
295	4
294	2
293	6
292	4
291	12
290	13
289	4
288	5
287	8
286	17
285	5
284	10
283	11
282	8
281	3
280	7
279	4
278	7
277	3
276	9
275	4
274	10
273	7
272	7
271	13
270	20
269	13
268	12
267	2
266	4
265	5
264	9
263	8
262	6
261	8
260	12
259	12
258	11
257	13
256	8
255	12
254	7
253	8
252	8
251	16
250	26
249	20
248	6
247	7
246	4
245	4
244	8
243	5
242	4
241	5
240	10
239	4
238	13
237	4
236	7
235	17
234	11
233	3
232	9
231	7
230	14
229	2
228	13
227	11
226	7
225	8
224	9
223	11
222	18
221	6
220	13
219	14
218	10
217	15
216	9
215	5
214	6
213	6
212	13
211	10
210	8
209	9
208	11
207	8
206	5
205	9
204	8
203	10
202	7
201	5
200	25
199	11
198	7
197	17
196	8
195	15
194	5
193	12
192	17
191	12
190	12
189	15
188	8
187	4
186	2
185	6
184	11
183	3
182	6
181	5
180	13
179	5
178	7
177	10
176	3
175	14
174	6
173	3
172	3
171	3
170	16
169	5
168	9
167	4
166	5
165	17
164	3
163	4
162	2
161	6
160	9
159	6
158	1
157	3
156	8
155	4
154	5
153	4
152	3
151	2
150	14
149	1
148	0
147	6
146	1
145	3
144	3
143	3
142	3
141	4
140	9
139	2
138	7
137	5
136	4
135	5
134	2
133	4
132	6
131	1
130	14
129	4
128	3
127	2
126	5
125	6
124	4
123	1
122	1
121	6
120	13
119	4
118	7
117	6
116	5
115	3
114	0
113	4
112	6
111	1
110	4
109	1
108	2
107	7
106	5
105	7
104	2
103	3
102	2
101	5
100	11
99	2
98	4
97	4
96	3
95	4
94	1
93	2
92	5
91	1
90	9
89	4
88	3
87	1
86	4
85	1
84	1
83	2
82	1
81	2
80	9
79	13
78	5
77	1
76	5
75	5
74	2
73	1
72	1
71	2
70	12
69	17
68	16
67	7
66	6
65	15
64	6
63	4
62	7
61	5
60	5
59	5
58	6
57	4
56	1
55	4
54	6
53	2
52	3
51	5
50	6
49	3
48	5
47	4
46	3
45	9
44	4
43	5
42	4
41	5
40	13
39	5
38	11
37	7
36	3
35	8
34	7
33	10
32	7
31	6
30	7
29	2
28	4
27	5
26	1
25	5
24	6
23	7
22	3
21	5
20	5
19	5
18	7
17	8
16	6
15	5
14	10
13	1
12	4
11	0
10	7
9	3
8	1
7	5
6	7
5	5
4	8
3	3
2	3
1	5
